ayah | total tokens | C pointers: window/ayah, surah, rare-anywhere, inward | C bridges | C neighbours | D every-use | D partners (all / attach>=2) | D pairings | E texts of other-surah parallels | F chains / HFT / v12
1:6 | 77,743 | 747, 0, 2,492, 266 | 859 | 240 | 51 | 10,423 / ~7,345 | 33 | 3,446 | 28,051 / 8,607 / 859
4:34 | 336,455 | 19,684, 11,123, 9,643, 10,586 | 11,450 | 6,413 | 8,234 | 54,843 / ~46,516 | 2,590 | 31,991 | 28,976 / 48 / 2,889
5:6 | 460,479 | 36,514, 12,326, 15,431, 27,307 | 26,148 | 15,315 | 21,943 | 64,319 / ~50,982 | 5,888 | 40,557 | 20,007 / 9,600 / 1,095
18:86 | 197,703 | 8,480, 8,883, 8,828, 4,588 | 5,223 | 2,811 | 8,428 | 35,533 / ~23,636 | 693 | 5,608 | 29,900 / 5,026 / 456
18:96 | 167,307 | 5,746, 6,431, 5,810, 2,982 | 4,306 | 3,369 | 6,759 | 35,028 / ~22,020 | 523 | 7,304 | 20,239 / 7,978 / 592
19:70 | 58,287 | 2,028, 1,164, 1,480, 888 | 1,542 | 821 | 1,883 | 8,355 / ~5,492 | 50 | 0 | 9,081 / 6,805 / 355
19:73 | 155,475 | 5,265, 2,965, 7,103, 3,549 | 4,729 | 2,897 | 51 | 42,055 / ~28,066 | 402 | 7,437 | 19,062 / 6,053 / 448
19:75 | 144,531 | 2,940, 2,465, 5,105, 3,141 | 2,550 | 1,993 | 8,635 | 47,540 / ~36,590 | 797 | 5,175 | 11,807 / 4,953 / 699
29:38 | 136,566 | 3,970, 1,834, 6,561, 5,386 | 4,816 | 2,542 | 51 | 29,070 / ~23,905 | 473 | 8,667 | 19,114 / 9,653 / 512
29:45 | 189,637 | 10,329, 2,395, 6,347, 4,371 | 4,631 | 4,803 | 7,860 | 37,073 / ~28,652 | 903 | 12,863 | 21,153 / 6,580 / 1,397
88:7 | 38,928 | 138, 0, 1,374, 243 | 318 | 227 | 931 | 1,194 / ~670 | 33 | 1,271 | 10,743 / 7,934 / 1,169
88:17 | 64,123 | 807, 232, 1,949, 671 | 726 | 345 | 329 | 4,625 / ~3,378 | 81 | 214 | 26,119 / 10,412 / 1,132
